Version 0.9.7
5
 4 10 175 77 128 0 1
 5 80 400 206 81 2 2
 0 332 162 877 276 8 3
 1 111 320 206 81 140 5
 3 361 98 203 58 150 6
 0
57
 255 5 71 189 71 189 71 184 385 184 385 189 385 189 0 1 0 3
 0 5 71 288 71 288 59 288 59 486 385 486 385 410 0 1 0 3
 255 5 398 189 398 189 398 203 359 203 359 228 359 228 0 3 0 3
 0 5 437 371 437 371 437 371 437 410 437 410 437 410 0 3 0 3
 0 5 71 275 71 275 93 275 93 389 126 389 126 389 0 1 0 5
 0 5 372 135 372 135 55 135 55 249 71 249 71 249 0 6 0 1
 255 5 71 228 71 228 126 228 126 228 126 331 126 331 0 1 0 5
 255 5 463 228 463 228 463 228 463 189 463 189 463 189 0 3 0 3
 255 5 567 228 567 228 567 228 567 189 567 189 567 189 0 3 0 3
 0 5 541 371 541 371 542 371 542 410 541 410 541 410 0 3 0 3
 0 5 645 371 645 371 645 371 645 410 645 410 645 410 0 3 0 3
 8453888 5 262 331 262 331 262 329 359 329 359 332 359 332 0 5 0 3
 16777088 5 281 344 281 344 281 346 385 346 385 345 385 345 0 5 0 3
 16744448 5 300 357 300 357 411 357 411 357 411 358 411 358 0 5 0 3
 8453888 5 372 332 372 332 372 331 463 331 463 332 463 332 0 3 0 3
 16777088 5 398 345 398 345 398 344 476 344 476 345 476 345 0 3 0 3
 16744448 5 411 371 411 371 411 372 502 372 502 371 502 371 0 3 0 3
 16711808 5 489 345 489 345 489 345 515 345 515 345 515 345 0 3 0 3
 8453888 5 359 371 359 371 359 388 567 388 567 371 567 371 0 3 0 3
 16777088 5 385 371 385 371 385 380 580 380 580 371 580 371 0 3 0 3
 16711808 5 593 371 593 371 593 371 606 371 606 371 606 371 0 3 0 3
 16744448 5 502 358 502 358 502 358 619 358 619 358 619 358 0 3 0 3
 8421631 5 224 331 224 331 224 267 224 267 372 267 372 267 0 5 0 3
 8421631 5 372 241 372 241 372 241 476 241 476 241 476 241 0 3 0 3
 8453888 5 463 358 463 358 457 358 457 276 489 276 489 267 0 3 0 3
 16711808 5 502 267 502 267 502 267 515 267 515 267 515 267 0 3 0 3
 16777088 5 476 332 476 332 476 290 528 290 528 267 528 267 0 3 0 3
 8453888 5 489 254 489 254 489 254 580 254 580 254 580 254 0 3 0 3
 16777088 5 580 332 580 332 586 332 586 267 593 267 593 267 0 3 0 3
 16711808 5 606 267 606 267 606 266 619 266 619 267 619 267 0 3 0 3
 16744448 5 424 358 424 358 424 311 632 311 632 267 632 267 0 3 0 3
 8454143 5 243 331 243 331 243 291 398 291 398 267 398 267 0 5 0 3
 8454143 5 411 267 411 267 411 287 684 287 684 267 684 267 0 3 0 3
 255 5 671 228 671 228 671 228 671 189 671 189 671 189 0 3 0 3
 0 5 749 371 749 371 749 371 749 410 749 410 749 410 0 3 0 3
 8453888 5 567 332 567 332 567 319 697 319 697 267 697 267 0 3 0 3
 16711808 5 710 267 710 267 710 267 723 267 723 267 723 267 0 3 0 3
 16744448 5 632 254 632 254 632 254 736 254 736 254 736 254 0 3 0 3
 8454143 5 398 254 398 254 398 303 671 303 671 332 671 332 0 3 0 3
 16711808 5 697 345 697 345 697 345 710 345 710 345 710 345 0 3 0 3
 16777088 5 476 358 476 358 476 365 684 365 684 345 684 345 0 3 0 3
 16744448 5 502 332 502 332 502 337 723 337 723 332 723 332 0 3 0 3
 255 5 775 228 775 228 775 228 775 189 775 189 775 189 0 3 0 3
 0 5 853 371 853 371 853 371 853 410 853 410 853 410 0 3 0 3
 8388863 5 528 345 528 345 528 437 775 437 775 345 775 345 0 3 0 3
 8388863 5 632 345 632 345 632 446 788 446 788 345 788 345 0 3 0 3
 8388863 5 801 345 801 345 801 340 814 340 814 345 814 345 0 3 0 3
 8388863 5 541 267 541 267 541 160 865 160 865 345 827 345 0 3 0 3
 8388863 5 840 345 840 345 840 325 788 325 788 267 788 267 0 3 0 3
 8388863 5 645 267 645 267 645 273 801 273 801 267 801 267 0 3 0 3
 8388863 5 814 267 814 267 814 267 827 267 827 267 827 267 0 3 0 3
 8388863 5 749 267 749 267 749 253 840 253 840 267 840 267 0 3 0 3
 255 5 879 189 879 189 879 189 879 228 879 228 879 228 0 3 0 3
 0 5 957 371 957 371 957 371 957 410 957 410 957 410 0 3 0 3
 8388863 5 853 267 853 267 853 267 892 267 892 267 892 267 0 3 0 3
 8388863 5 736 358 736 358 905 358 905 358 905 267 905 267 0 3 0 3
 8388863 5 918 228 918 228 918 142 918 142 547 142 547 142 0 3 0 6
6
 7008 1 14 457 280 5 0 0 2113392123 3
 7008 1 14 561 280 5 0 0 -136151492 3
 7004 1 14 353 280 5 0 0 2113392123 3
 7008 1 14 665 280 5 0 0 2113392123 3
 7032 1 14 769 280 5 0 0 2113392123 3
 7032 1 14 873 280 5 0 0 2113392123 3
