Version 0.9.7
5
 4 10 175 77 128 0 1
 5 80 400 206 81 2 2
 0 332 162 877 276 8 3
 1 108 305 206 81 140 5
 3 460 450 203 58 150 6
 0
16
 255 5 71 189 71 189 71 184 385 184 385 189 385 189 0 1 0 3
 0 5 71 288 71 288 70 288 70 410 385 410 385 410 0 1 0 3
 255 5 398 189 398 189 398 203 359 203 359 228 359 228 0 3 0 3
 0 5 437 371 437 371 437 371 437 410 437 410 437 410 0 3 0 3
 0 5 71 275 71 275 91 275 91 374 123 374 123 374 0 1 0 5
 65793 5 424 410 424 410 424 487 424 487 471 487 471 487 0 3 0 6
 255 5 463 189 463 189 463 189 463 228 463 228 463 228 0 3 0 3
 0 5 541 371 541 371 541 371 541 410 541 410 541 410 0 3 0 3
 65535 5 489 371 489 371 487 371 487 494 506 494 506 494 0 3 0 6
 255 5 71 228 71 228 123 228 123 228 123 316 123 316 0 1 0 5
 16744703 5 259 316 259 316 259 253 385 253 385 267 385 267 0 5 0 3
 33023 5 398 267 398 267 450 267 450 332 463 332 463 332 0 3 0 3
 8388736 5 385 345 385 345 385 345 476 345 476 345 476 345 0 3 0 3
 8453888 5 372 345 372 345 372 343 278 343 278 342 278 342 0 3 0 5
 8453888 5 278 316 278 316 278 266 372 266 372 267 372 267 0 5 0 3
 16744448 5 297 329 297 329 297 331 359 331 359 332 359 332 0 5 0 3
2
 7008 1 14 353 280 5 0 1033 8585100 3
 7032 1 14 457 280 5 0 1033 8585100 3
