Version 0.9.7
5
 4 10 175 77 128 0 1
 5 80 400 206 81 2 2
 0 332 162 877 276 8 3
 1 108 305 206 81 140 5
 3 433 449 203 58 150 6
 0
18
 255 5 71 189 71 189 71 184 385 184 385 189 385 189 0 1 0 3
 0 5 71 288 71 288 59 288 59 410 385 410 385 410 0 1 0 3
 255 5 398 189 398 189 398 203 359 203 359 228 359 228 0 3 0 3
 0 5 437 371 437 371 437 371 437 410 437 410 437 410 0 3 0 3
 0 5 71 275 71 275 87 275 87 374 123 374 123 374 0 1 0 5
 65793 5 424 410 424 410 424 486 424 486 444 486 444 486 0 3 0 6
 255 5 463 189 463 189 463 189 463 228 463 228 463 228 0 3 0 3
 0 5 541 371 541 371 541 371 541 410 541 410 541 410 0 3 0 3
 255 5 71 228 71 228 123 228 123 228 123 316 123 316 0 1 0 5
 16744703 5 259 316 259 316 259 253 385 253 385 267 385 267 0 5 0 3
 8388736 5 398 267 398 267 580 267 580 267 580 332 580 332 0 3 0 3
 65535 5 593 371 593 389 635 389 635 493 619 493 619 493 0 3 0 6
 255 5 567 228 567 228 567 228 567 189 567 189 567 189 0 3 0 3
 0 5 645 371 645 371 645 371 645 410 645 410 645 410 0 3 0 3
 8454016 5 372 267 372 267 278 267 278 267 278 316 278 316 0 3 0 5
 8453888 5 278 342 278 342 489 342 489 342 489 345 489 345 0 5 0 3
 16744448 5 297 329 297 329 476 329 476 329 476 332 476 332 0 5 0 3
 8421631 5 463 358 463 358 463 358 567 358 567 358 567 358 0 3 0 3
3
 7032 1 14 353 280 5 0 1033 8585100 3
 7008 1 14 561 280 5 0 1033 8585100 3
 7002 1 14 457 280 5 0 0 4214488 3
