Version 0.9.7
5
 4 10 175 77 128 0 1
 5 80 400 206 81 2 2
 0 332 162 877 276 8 3
 1 108 305 206 81 140 5
 3 460 450 203 58 150 6
 0
24
 255 5 71 189 71 189 71 184 385 184 385 189 385 189 0 1 0 3
 0 5 71 288 71 288 70 288 70 410 385 410 385 410 0 1 0 3
 255 5 398 189 398 189 398 203 359 203 359 228 359 228 0 3 0 3
 0 5 437 371 437 371 437 371 437 410 437 410 437 410 0 3 0 3
 0 5 71 275 71 275 91 275 91 374 123 374 123 374 0 1 0 5
 65793 5 424 410 424 410 424 487 424 487 471 487 471 487 0 3 0 6
 255 5 463 189 463 189 463 189 463 228 463 228 463 228 0 3 0 3
 0 5 541 371 541 371 541 371 541 410 541 410 541 410 0 3 0 3
 255 5 71 228 71 228 123 228 123 228 123 316 123 316 0 1 0 5
 255 5 567 228 567 228 567 228 567 189 567 189 567 189 0 3 0 3
 0 5 645 371 645 371 645 371 645 410 645 410 645 410 0 3 0 3
 16777088 5 278 316 278 316 278 265 372 265 372 267 372 267 0 5 0 3
 16777088 5 385 267 385 267 385 266 476 266 476 267 476 267 0 3 0 3
 16777088 5 385 254 385 254 385 254 515 254 515 254 515 254 0 3 0 3
 16777088 5 278 342 278 342 278 342 278 345 463 345 463 345 0 5 0 3
 8453888 5 297 329 297 329 359 329 359 329 359 332 359 332 0 5 0 3
 8453888 5 372 332 372 332 372 332 476 332 476 332 476 332 0 3 0 3
 8453888 5 372 358 335 358 335 315 489 315 489 267 489 267 0 3 0 3
 8453888 5 297 316 297 316 294 316 294 290 528 290 528 267 0 5 0 3
 8421631 5 489 345 489 345 489 342 567 342 567 345 567 345 0 3 0 3
 16711935 5 593 332 593 332 593 332 606 332 606 332 606 332 0 3 0 3
 8454143 5 632 358 632 358 664 358 664 494 646 494 646 494 0 3 0 6
 8421631 5 502 267 502 267 502 332 502 332 580 332 580 332 0 3 0 3
 16744703 5 541 267 541 267 622 267 622 345 619 345 619 345 0 3 0 3
3
 7008 1 14 457 280 5 0 1033 8585100 3
 7004 1 14 353 280 5 0 0 4214488 3
 7032 1 14 561 280 5 0 0 4214488 3
