Version 0.9.7
5
 4 10 175 77 128 0 1
 5 80 400 206 81 2 2
 0 330 168 877 276 8 3
 1 108 305 206 81 140 5
 3 460 450 203 58 150 6
 0
28
 255 5 71 189 71 189 71 195 71 195 383 195 383 195 0 1 0 3
 0 5 71 288 71 288 70 288 70 416 383 416 383 416 0 1 0 3
 255 5 396 195 396 195 396 209 357 209 357 234 357 234 0 3 0 3
 0 5 435 377 435 377 435 377 435 416 435 416 435 416 0 3 0 3
 0 5 71 275 71 275 91 275 91 374 123 374 123 374 0 1 0 5
 65793 5 422 416 422 416 422 487 422 487 471 487 471 487 0 3 0 6
 255 5 461 195 461 195 461 195 461 234 461 234 461 234 0 3 0 3
 0 5 539 377 539 377 539 377 539 416 539 416 539 416 0 3 0 3
 255 5 71 228 71 228 123 228 123 228 123 316 123 316 0 1 0 5
 255 5 565 234 565 234 565 234 565 195 565 195 565 195 0 3 0 3
 0 5 643 377 643 377 643 377 643 416 643 416 643 416 0 3 0 3
 8453888 5 297 316 297 316 297 273 297 273 370 273 370 273 0 5 0 3
 16744448 5 278 316 278 316 278 263 395 263 395 273 396 273 0 5 0 3
 8453888 5 297 329 314 329 314 297 487 297 487 273 487 273 0 5 0 3
 16744448 5 396 260 396 260 396 260 591 260 591 260 591 260 0 3 0 3
 8421631 5 500 273 500 273 500 272 682 272 682 273 682 273 0 3 0 3
 4194432 5 604 260 604 260 604 260 695 260 695 260 695 260 0 3 0 3
 16744703 5 708 273 708 273 708 324 409 324 409 338 409 338 0 3 0 3
 16744703 5 422 338 422 338 422 338 669 338 669 338 669 338 0 3 0 3
 33023 5 383 273 383 273 383 355 474 355 474 364 474 364 0 3 0 3
 65535 5 487 364 487 364 487 364 357 364 357 364 357 364 0 3 0 3
 65535 5 370 377 370 377 370 371 682 371 682 338 682 338 0 3 0 3
 16777088 5 695 338 695 338 695 494 695 494 646 494 646 494 0 3 0 6
 255 5 669 234 669 234 669 234 669 195 669 195 669 195 0 3 0 3
 0 5 747 377 747 377 747 377 747 416 747 416 747 416 0 3 0 3
 8453888 5 578 247 578 247 578 238 383 238 383 247 383 247 0 3 0 3
 4227327 5 409 247 409 247 409 348 461 348 461 351 461 351 0 3 0 3
 16711680 5 396 247 396 247 474 247 474 247 474 273 474 273 0 3 0 3
4
 7004 1 14 351 286 5 0 1033 8585100 3
 7086 1 14 455 286 5 0 1033 8585100 3
 7008 1 14 559 286 5 0 1033 8585100 3
 7032 1 14 663 286 5 0 1033 8585100 3
