Version 0.9.7
5
 4 10 175 77 128 0 1
 5 80 400 206 81 2 2
 0 332 162 877 276 8 3
 1 107 321 206 81 140 5
 3 413 460 203 58 150 6
 0
10
 255 5 71 189 71 189 71 184 385 184 385 189 385 189 0 1 0 3
 0 5 71 288 71 288 59 288 59 410 385 410 385 410 0 1 0 3
 255 5 398 189 398 189 398 203 359 203 359 228 359 228 0 3 0 3
 0 5 437 371 437 371 437 371 437 410 437 410 437 410 0 3 0 3
 0 5 71 275 71 275 93 275 93 390 122 390 122 390 0 1 0 5
 255 5 122 332 122 332 122 332 122 228 71 228 71 228 0 5 0 1
 65793 5 424 410 424 410 424 410 424 497 424 497 424 497 0 3 0 6
 8453888 5 296 358 296 358 296 358 385 358 385 358 385 358 0 5 0 3
 16744448 5 277 345 277 345 277 345 372 345 372 345 372 345 0 5 0 3
 65535 5 359 371 397 371 397 516 459 516 459 504 459 504 0 3 0 6
1
 7002 1 14 353 280 5 0 1033 8585100 3
