Version 0.9.7
5
 4 10 175 77 128 0 1
 5 80 400 206 81 2 2
 0 332 162 877 276 8 3
 1 107 321 206 81 140 5
 3 414 450 203 58 150 6
 0
22
 255 5 71 189 71 189 71 184 385 184 385 189 385 189 0 1 0 3
 0 5 71 288 71 288 59 288 59 410 385 410 385 410 0 1 0 3
 255 5 398 189 398 189 398 203 359 203 359 228 359 228 0 3 0 3
 0 5 437 371 437 371 437 371 437 410 437 410 437 410 0 3 0 3
 0 5 71 275 71 275 93 275 93 390 122 390 122 390 0 1 0 5
 255 5 122 332 122 332 122 332 122 228 71 228 71 228 0 5 0 1
 65793 5 424 410 424 410 424 487 424 487 425 487 425 487 0 3 0 6
 255 5 463 189 463 189 463 189 463 228 463 228 463 228 0 3 0 3
 0 5 541 371 541 371 541 371 541 410 541 410 541 410 0 3 0 3
 16744448 5 296 345 296 345 296 362 372 362 372 345 372 345 0 5 0 3
 16744703 5 385 345 385 345 385 345 463 345 463 345 463 345 0 3 0 3
 8453888 5 277 345 277 345 277 342 359 342 359 332 359 332 0 5 0 3
 8453888 5 277 332 277 332 277 267 277 267 476 267 476 267 0 5 0 3
 255 5 567 228 567 228 567 228 567 189 567 189 567 189 0 3 0 3
 0 5 645 371 645 371 645 371 645 410 645 410 645 410 0 3 0 3
 8454016 5 489 267 489 267 489 274 580 274 580 267 580 267 0 3 0 3
 16744448 5 372 332 372 332 372 286 593 286 593 267 593 267 0 3 0 3
 8454016 5 476 254 476 254 476 254 619 254 619 254 619 254 0 3 0 3
 16744448 5 385 332 385 332 632 332 632 332 632 267 632 267 0 3 0 3
 16711808 5 600 494 600 521 659 521 659 267 645 267 645 267 0 6 0 3
 8454143 5 476 371 476 371 476 522 580 522 580 494 580 494 0 3 0 6
 16711935 5 606 267 620 267 620 545 560 545 560 494 560 494 0 3 0 6
3
 7086 1 14 353 280 5 0 1033 8585100 3
 7004 1 14 457 280 5 0 1033 8585100 3
 7008 1 14 561 280 5 0 0 4214488 3
