Version 0.9.7
5
 4 10 175 77 128 0 1
 5 80 400 206 81 2 2
 0 332 162 877 276 8 3
 1 108 305 206 81 140 5
 3 311 90 203 58 150 6
 0
39
 255 5 71 189 71 189 71 184 385 184 385 189 385 189 0 1 0 3
 0 5 71 288 71 288 70 288 70 410 385 410 385 410 0 1 0 3
 255 5 398 189 398 189 398 203 359 203 359 228 359 228 0 3 0 3
 0 5 437 371 437 371 437 371 437 410 437 410 437 410 0 3 0 3
 0 5 71 275 71 275 91 275 91 374 123 374 123 374 0 1 0 5
 255 5 463 189 463 189 463 189 463 228 463 228 463 228 0 3 0 3
 0 5 541 371 541 371 541 371 541 410 541 410 541 410 0 3 0 3
 255 5 71 228 71 228 123 228 123 228 123 316 123 316 0 1 0 5
 255 5 567 228 567 228 567 228 567 189 567 189 567 189 0 3 0 3
 0 5 645 371 645 371 645 371 645 410 645 410 645 410 0 3 0 3
 0 5 71 249 71 249 57 249 57 127 322 127 322 127 0 1 0 6
 8454143 5 372 228 372 228 372 214 437 214 437 134 437 134 0 3 0 6
 8454143 5 385 241 385 241 385 241 476 241 476 241 476 241 0 3 0 3
 4227327 5 502 254 502 254 502 254 580 254 580 254 580 254 0 3 0 3
 8454016 5 259 316 259 316 259 268 398 268 398 267 398 267 0 5 0 3
 8454016 5 398 254 398 254 398 247 489 247 489 254 489 254 0 3 0 3
 8454143 5 372 254 372 254 240 254 240 254 240 316 240 316 0 3 0 5
 8454143 5 372 241 372 241 372 233 528 233 528 241 528 241 0 3 0 3
 4227327 5 541 267 541 267 541 267 593 267 593 267 593 267 0 3 0 3
 4227327 5 606 267 606 267 606 174 457 174 457 134 457 134 0 3 0 6
 16777088 5 278 316 278 316 359 316 359 316 359 332 359 332 0 5 0 3
 16777088 5 359 345 359 345 359 342 476 342 476 332 476 332 0 3 0 3
 8404992 5 489 332 489 332 489 332 567 332 567 332 567 332 0 3 0 3
 16777088 5 372 358 372 358 372 358 515 358 515 358 515 358 0 3 0 3
 8404992 5 593 332 616 332 616 153 477 153 477 134 477 134 0 3 0 6
 255 5 671 228 671 228 671 228 671 189 671 189 671 189 0 3 0 3
 0 5 749 371 749 371 749 371 749 410 749 410 749 410 0 3 0 3
 16777088 5 515 371 515 371 515 381 671 381 671 371 671 371 0 3 0 3
 16744703 5 297 342 297 342 297 340 332 340 332 371 385 371 0 5 0 3
 16744703 5 385 345 385 345 385 352 684 352 684 358 684 358 0 3 0 3
 8388736 5 697 358 697 358 697 345 697 345 606 345 606 345 0 3 0 3
 16777088 5 359 358 359 358 359 364 710 364 710 358 710 358 0 3 0 3
 16744703 5 398 371 398 371 398 388 723 388 723 371 723 371 0 3 0 3
 8388736 5 632 332 632 332 632 134 632 134 497 134 497 134 0 3 0 6
 8388736 5 619 371 619 371 619 420 736 420 736 371 736 371 0 3 0 3
 8454016 5 515 267 515 267 515 261 411 261 411 254 411 254 0 3 0 3
 8454016 5 411 267 411 267 411 332 411 332 463 332 463 332 0 3 0 3
 8454016 5 489 267 489 267 483 267 483 345 502 345 502 345 0 3 0 3
 8404992 5 528 345 528 345 528 345 580 345 580 345 580 345 0 3 0 3
4
 7004 1 14 353 280 5 0 0 2113289723 3
 7032 1 14 561 280 5 0 0 2113289723 3
 7008 1 14 665 280 5 0 0 2113289723 3
 7008 1 14 457 280 5 0 0 -136151492 3
