Version 0.9.7
5
 4 10 175 77 128 0 1
 5 80 400 206 81 2 2
 0 332 162 877 276 8 3
 1 107 316 206 81 140 5
 3 361 98 203 58 150 6
 0
17
 255 5 71 189 71 189 71 184 385 184 385 189 385 189 0 1 0 3
 0 5 71 288 71 288 59 288 59 408 385 408 385 410 0 1 0 3
 255 5 398 189 398 189 398 203 359 203 359 228 359 228 0 3 0 3
 0 5 437 371 437 371 437 371 437 410 437 410 437 410 0 3 0 3
 0 5 71 275 71 275 93 275 93 385 122 385 122 385 0 1 0 5
 8454143 5 239 327 239 327 239 241 239 241 372 241 372 241 0 5 0 3
 8454016 5 258 327 258 327 258 254 258 254 385 254 385 254 0 5 0 3
 16744703 5 277 327 277 327 277 298 424 298 424 267 424 267 0 5 0 3
 16744448 5 296 353 296 353 372 353 372 353 372 358 372 358 0 5 0 3
 16744703 5 277 340 277 340 359 340 359 340 359 345 359 345 0 5 0 3
 0 5 372 135 372 135 55 135 55 249 71 249 71 249 0 6 0 1
 4194432 5 385 358 385 358 547 358 547 358 547 142 547 142 0 3 0 6
 16776960 5 437 267 437 267 527 267 527 267 527 142 527 142 0 3 0 6
 8454016 5 385 267 385 267 385 267 411 267 411 267 411 267 0 3 0 3
 4227327 5 398 254 398 254 507 254 507 254 507 142 507 142 0 3 0 6
 255 5 71 228 71 228 122 228 122 228 122 327 122 327 0 1 0 5
 8454143 5 487 142 487 142 487 228 487 228 372 228 372 228 0 6 0 3
1
 7086 1 14 353 280 5 0 1033 8585100 3
